00000000000000001111111111111111222222222222222233333333333333334444444444444444555555555555555566666666666666667777777777777777
0123456789abcdef0123456789abcdef0123456789abcdef0123456789abcdef0123456789abcdef0123456789abcdef0123456789abcdef0123456789abcdef
00100003333112302022001001120001110111110100121110000123233100000110113211121222200000000000000000000000000000000000000000000000
00001004455333211111000011022201110000001221211001111221010000000022122112123212000000000000000000000000000000000000000000000000
00101019775434534332321000133344333210112221211222002221110000001211100000001121000000000000000000000000000000000000000000000000
01112104655567b98676677203212221333000112111112112221232253231121121212111011244340000000000000000000000000000000000000000000000
2115ddf1884fbab96cc5873301310100220121111223300001121102220222221001000011113221000000000000000000000000000000000000000000000000
0008eead379679ec8c98a13101100001221011110211000011110100001110100000221011111211000000000000000000000000000000000000000000000000
00024325789699abb67654100220000001001110000100000011111133200000001111001121123312000000000000000000000000000000000000000000000000000003454343344244230000010000111110000010011020010000000021000111210131000011000000000000000000000000000000000000000000000000
02300005534344994443323011342100212010001111001100000001111111100101113321110000000000000000000000000000000000000000000000000000
00120007555335874443222000222010020111000000000011011000010011112111220013342101000000000000000000000000000000000000000000000000
00000014564213574343222002442011100000000111000121110000000111000220122100112345210000000000000000000000000000000000000000000000
00000005556444695442111001211000010000111221101110001110001000002210000000000111200000000000000000000000000000000000000000000000
00100004455223445643210001111110000001112110000233330000000011223201222221000022010000000000000000000000000000000000000000000000
01011004665555796354210104420000020001122233310011211111121100000122100121000220000000000000000000000000000000000000000000000000
010100044433455a5453130001663300000000012212210000100011100000000000000000011010010000000000000000000000000000000000000000000000
00000004554333574343332000011211010001111011011100113210001011001123200021230112120000000000000000000000000000000000000000000000
000000055654559a5555422000141010000000000000001000000000000011220010320000000004100000000000000000000000000000000000000000000000
010000033333359a4342222000101100010011000002201000000000000000000011011000000100000000000000000000000000000000000000000000000000
01000112222333363554354011100000113221121011011100111000000221011000000000100001010000000000000000000000000000000000000000000000
21452313674689766644323224501912516534002213022021123222323022120111223310221111100000000000000000000000000000000000000000000000
02332012862117778865323220175251123434221100121111221220001142222211001012221001010000000000000000000000000000000000000000000000
00110013332114754463120311224643225643544443222111000011111111100000011111112100010000000000000000000000000000000000000000000000
20001105484226a7b8d8852011634642002111100100123342100012331100000222211112143312110000000000000000000000000000000000000000000000
03120005554312545455420011338651222121212101321132111011000023333100100011343210000000000000000000000000000000000000000000000000
02010115877765655555224211255974212111133311100000000000000000012211101011111222100000000000000000000000000000000000000000000000
00102202554325534467354013213331120021122222111112111000000001222311111232211000000000000000000000000000000000000000000000000000
1102000444551a545666332123111301110010000011243243100011000012210011423333320111000000000000000000000000000000000000000000000000
0000000367669a667766468132413221000100201011100011111312122200232123353121121000020000000000000000000000000000000000000000000000
00031230655336335534111001010210000000111011012311343112213111100122420124310000000000000000000000000000000000000000000000000000
00311000332247245443434000212522211121111010010122310111222122322012112111112222001000000000000000000000000000000000000000000000
00102012564333334436452101112232221201111100000000000123200011122210000112110124110000000000000000000000000000000000000000000000
01110012333265233332233312321310001111010222221000000100100222213451022111132003100000000000000000000000000000000000000000000000
00100102445362444453221032113111234110121022222211112111100011222112110000000003230000000000000000000000000000000000000000000000
00100005776465894243210000024322322211101111111000000000000100011101100000000002120000000000000000000000000000000000000000000000
00000004454565794443221000100000025101000210000000000000000001000000000000000010001000000000000000000000000000000000000000000000
01100003333254674444323000000000004200000002100100000000000000000010000000000000000000000000000000000000000000000000000000000000
00210003333265685455212000100100102000000010012200001000000000000000000000000000000000000000000000000000000000000000000000000000
00010002344245453433212010010000013000000000420000000000000000010000000000100000000000000000000000000000000000000000000000000000
00000013345466793333121001010001034301000000000102000000000001000000000000000001000000000000000000000000000000000000000000000000
00100003443335763332110000010000044211000001100000001000000001100001000000000100000000000000000000000000000000000000000000000000
01010104444323541010110001200000122300000111020000000011100133111100101110221000110000000000000000000000000000000000000000000000
00000014444233331000000000110000033212421000013331110000111000011200012452101221110000000000000000000000000000000000000000000000
00000005665333443233200000000101122200000122200010000000001100010110021100001110200000000000000000000000000000000000000000000000
00010107898666764051100200021110043210011112101200111212002221101211000012200013200000000000000000000000000000000000000000000000
00010006664113452020000000010010132201110000012321221001100111000001210011121202200000000000000000000000000000000000000000000000
00100013444434441111100000002122021100000000001012100000000101324200001000012200200000000000000000000000000000000000000000000000
00000002456326323335112000000014333211000112101000001100000001001103100011101211100000000000000000000000000000000000000000000000
00101003665459564455232000022003133200011100000000100001000010010011100001000231100000000000000000000000000000000000000000000000
01101002455325533333120000010012232111100001000010000000000010010111000000310000110000000000000000000000000000000000000000000000
01210100332245433423130001001212232222000001000000121000121210000110011000000001020000000000000000000000000000000000000000000000
00100000334336343332333000011321222200100000000000000000012112000000000010001233110000000000000000000000000000000000000000000000
00000000333125334443332001300012332201001100000000000000001000000000001100100000020000000000000000000000000000000000000000000000
00011101433226344343222011132011432123452111110220000100000000121001110000013220000000000000000000000000000000000000000000000000
00100100444215345543320001010001111000000010011000100110011232121101220000011102000000000000000000000000000000000000000000000000
00000000566345345453230010142101420200001200131001000012000000110000000000000002310000000000000000000000000000000000000000000000
00000100555348678877630000010000362100000000100000001000000110013211000000012010100000000000000000000000000000000000000000000000
00000000534325223333211001000022120011200000000000010000010010014112100110132121000000000000000000000000000000000000000000000000
10000011323113532234310001110010010331000000000000001000000001100001001010011110200000000000000000000000000000000000000000000000
01011000889868535555300000110001032200000000000000010101211001000110210000000001110000000000000000000000000000000000000000000000
11121000444345534444310000100001012210001001000000000011011101220000011010012102200000000000000000000000000000000000000000000000
00011002443205332222101113110000111421101001000001011101111210112000011003211111010000000000000000000000000000000000000000000000
11200005446645944443121001313114020222101001220001000011000000121000110000020001100000000000000000000000000000000000000000000000
00020008775545977888772232220115253101210000000000000000110000000000000000000100100000000000000000000000000000000000000000000000
00001104767543855454330000110002101001110001000000000110000001110000000001120011000000000000000000000000000000000000000000000000
001000045653458a5365400000000001212210000000000000000000000001000000000000000000000000000000000000000000000000000000000000000000